     1  O(17)              0.09220     -27.94451      -9.97130      -9.32129
     2  Fe(57)             0.14448      10.47766       3.73869       3.49497
     3  N(14)             -0.01258      -2.03232      -0.72518      -0.67791
     4  C(13)              0.00012       0.06643       0.02370       0.02216
     5  H(1)               0.00000       0.00920       0.00328       0.00307
     6  C(13)             -0.00119      -0.66995      -0.23906      -0.22347
     7  C(13)             -0.00051      -0.28427      -0.10143      -0.09482
     8  H(1)              -0.00011      -0.25600      -0.09135      -0.08539
     9  C(13)             -0.00009      -0.05129      -0.01830      -0.01711
    10  H(1)               0.00001       0.02305       0.00823       0.00769
    11  C(13)             -0.00033      -0.18826      -0.06718      -0.06280
    12  H(1)               0.00013       0.29408       0.10494       0.09810
    13  C(13)             -0.00254      -1.42713      -0.50923      -0.47604
    14  H(1)              -0.00023      -0.50953      -0.18181      -0.16996
    15  N(14)              0.00514       0.83047       0.29633       0.27701
    16  C(13)              0.00022       0.12449       0.04442       0.04152
    17  H(1)              -0.00014      -0.30660      -0.10940      -0.10227
    18  H(1)              -0.00006      -0.13295      -0.04744      -0.04435
    19  C(13)             -0.00144      -0.80948      -0.28884      -0.27002
    20  C(13)             -0.00026      -0.14343      -0.05118      -0.04784
    21  H(1)              -0.00015      -0.33581      -0.11983      -0.11201
    22  C(13)              0.00002       0.01162       0.00415       0.00388
    23  H(1)               0.00001       0.02124       0.00758       0.00709
    24  C(13)             -0.00103      -0.57812      -0.20629      -0.19284
    25  H(1)               0.00022       0.49304       0.17593       0.16446
    26  C(13)             -0.00321      -1.80252      -0.64318      -0.60126
    27  H(1)              -0.00032      -0.70864      -0.25286      -0.23638
    28  N(14)              0.00138       0.22293       0.07955       0.07436
    29  C(13)             -0.00119      -0.66995      -0.23906      -0.22347
    30  C(13)             -0.00051      -0.28427      -0.10143      -0.09482
    31  H(1)              -0.00011      -0.25600      -0.09135      -0.08539
    32  C(13)             -0.00009      -0.05129      -0.01830      -0.01711
    33  H(1)               0.00001       0.02305       0.00823       0.00769
    34  C(13)             -0.00033      -0.18826      -0.06718      -0.06280
    35  H(1)               0.00013       0.29408       0.10494       0.09810
    36  C(13)             -0.00254      -1.42713      -0.50923      -0.47604
    37  H(1)              -0.00023      -0.50953      -0.18181      -0.16996
    38  N(14)              0.00514       0.83047       0.29633       0.27701
    39  C(13)              0.00022       0.12449       0.04442       0.04152
    40  H(1)              -0.00014      -0.30660      -0.10940      -0.10227
    41  H(1)              -0.00006      -0.13295      -0.04744      -0.04435
    42  C(13)             -0.00144      -0.80948      -0.28884      -0.27002
    43  C(13)             -0.00026      -0.14343      -0.05118      -0.04784
    44  H(1)              -0.00015      -0.33581      -0.11983      -0.11201
    45  C(13)              0.00002       0.01162       0.00415       0.00388
    46  H(1)               0.00001       0.02124       0.00758       0.00709
    47  C(13)             -0.00103      -0.57812      -0.20629      -0.19284
    48  H(1)               0.00022       0.49304       0.17593       0.16446
    49  C(13)             -0.00321      -1.80252      -0.64318      -0.60126
    50  H(1)              -0.00032      -0.70864      -0.25286      -0.23638
    51  N(14)              0.00138       0.22293       0.07955       0.07436
